layout_file:./office/office2_layout.obj
/home/will/Backup/ShapeNetCore.v2/02691156/fb2204e98090448ebbf3143b1cb6076a/models/model_normalized.obj
02691156
0.817016
0.82733 0.327871 -0.456098 -4.35446
-0.218935 0.935977 0.275706 0.320315
0.517293 -0.128244 0.846145 -2.79408
/home/will/Backup/ShapeNetCore.v2/04099429/b3b20a3769cf8797b95c8cfc3b5d231f/models/model_normalized.obj
04099429
0.909386
0.821988 0.569039 -0.0230225 -0.0685137
-0.568681 0.822302 0.0205315 -0.0993823
0.0306147 -0.00378424 0.999524 -2.22063
/home/will/Backup/ShapeNetCore.v2/04099429/d9b0e3cd3ce4507931c6673b192319d8/models/model_normalized.obj
04099429
0.86663
0.991773 0.121138 -0.0413679 3.77687
-0.120333 0.992502 0.0214362 -0.0933991
0.0436545 -0.016282 0.998914 1.26813
/home/will/Backup/ShapeNetCore.v2/02691156/ce339f515469303979e13964f05c24f9/models/model_normalized.obj
03595860
0.816552
0.994772 -0.0187122 0.100395 -4.89093
0.0188496 0.999822 -0.000419936 -0.0856215
-0.100369 0.00231014 0.994948 -2.39889
/home/will/Backup/ShapeNetCore.v2/04004475/128c57ad8f366a09f16da3ba7941918d/models/model_normalized.obj
03643737
0.43495
0.947319 0.000697106 0.320291 -1.15758
-0.000808147 1 0.000213767 -0.0383352
-0.320291 -0.000461348 0.947319 -4.11737
/home/will/Backup/ShapeNetCore.v2/03790512/f8f73c4ee5da94b076ee2dc2a279fa5e/models/model_normalized.obj
03790512
0.84166
0.867836 -0.364139 -0.338029 -5.99468
0.416794 0.903879 0.0963566 0.0342484
0.27045 -0.22451 0.93619 -2.97688
/home/will/Backup/ShapeNetCore.v2/03001627/c06b5a7aa4557182f51f77a6d7299806/models/model_normalized.obj
04590933
0.870337
0.803258 0.00351017 -0.595622 -1.33826
-0.00369887 0.999993 0.000904935 -0.0824684
0.59562 0.00147623 0.803265 -0.710809
/home/will/Backup/ShapeNetCore.v2/03211117/e65ace5f42977a75cae346657a37ed71/models/model_normalized.obj
03782190
0.480088
0.996467 -0.0838668 0.00448877 -2.92965
0.0839866 0.995177 -0.0506941 -0.0450029
-0.00021556 0.050892 0.998704 1.75916
/home/will/Backup/ShapeNetCore.v2/03790512/f0c7043178a8a2fc52ee90e577613070/models/model_normalized.obj
03790512
0.956684
0.990461 -0.0227945 -0.135897 0.0824071
0.0228443 0.999738 -0.00119264 -0.0989643
0.135889 -0.00192322 0.990722 1.22851
/home/will/Backup/ShapeNetCore.v2/03797390/5fe74baba21bba7ca4eec1b19b3a18f8/models/model_normalized.obj
03797390
0.170318
0.797424 -0.0190507 -0.603119 -0.570094
0.204333 0.948978 0.240186 0.00584633
0.567771 -0.314767 0.76063 -2.2555
/home/will/Backup/ShapeNetCore.v2/04468005/bfcea023feb6fbc15c636c73fb4546c/models/model_normalized.obj
04468005
0.242437
0.99999 0.00448833 0.000109896 -1.32543
-0.00448865 0.999985 0.00307827 -0.0198657
-9.60781e-05 -0.00307873 0.999995 0.482765
/home/will/Backup/ShapeNetCore.v2/04379243/b9e3e65aa754f3b49ccce4c6d5bb195f/models/model_normalized.obj
03063968
0.332067
0.875432 0.000992335 0.483341 -4.24717
-0.00270388 0.999992 0.00284424 -0.0285252
-0.483334 -0.00379683 0.875428 -0.859419
/home/will/Backup/ShapeNetCore.v2/04379243/d49d33a379000a8d4b2ec20c30ace65f/models/model_normalized.obj
04061681
0.153968
0.951824 0.0153069 0.306262 0.261827
-0.0135618 0.999877 -0.00782543 -0.00729639
-0.306344 0.00329497 0.951915 -4.42593
/home/will/Backup/ShapeNetCore.v2/04090263/26829f9c5626be049be47ac7c7e37815/models/model_normalized.obj
04090263
0.362185
0.993622 0.0964835 0.0583635 4.29224
-0.109826 0.945391 0.306877 -0.0988612
-0.0255678 -0.31133 0.949958 1.64262
/home/will/Backup/ShapeNetCore.v2/03085013/442a30c7e3d4f820cb07c68667cfdc00/models/model_normalized.obj
03085013
0.0712571
-0.404626 0.00112697 -0.914482 -4.22021
0.00034753 0.999999 0.00107859 -0.00187407
0.914482 0.000118616 -0.404626 0.990705
/home/will/Backup/ShapeNetCore.v2/04468005/dbe69c9cfc9d5ffa9e7fa80af2c89cf2/models/model_normalized.obj
04468005
0.16375
0.998083 -0.0247147 -0.0567388 1.98676
0.0251955 0.999652 0.00777422 -0.215743
0.0565269 -0.00918888 0.998359 0.171343
/home/will/Backup/ShapeNetCore.v2/02876657/1ffd7113492d375593202bf99dddc268/models/model_normalized.obj
02876657
0.205759
0.950357 0.107178 0.29212 -5.25921
-0.125243 0.991159 0.043802 -0.0119719
-0.284843 -0.0782137 0.955378 -4.68344
/home/will/Backup/ShapeNetCore.v2/03085013/6b8b2a80a834a297590e6ac98d4b27b0/models/model_normalized.obj
03085013
0.0889065
0.804572 0.593727 -0.0123806 -0.466439
0.590901 -0.798318 0.116292 0.367886
0.0591619 -0.100881 -0.993138 -2.61176
/home/will/Backup/ShapeNetCore.v2/03710193/f1f92f0942b4d85b5b9eccd25a4faf01/models/model_normalized.obj
03710193
0.382986
0.832535 0.0262806 -0.553349 -0.675596
-0.0332666 0.999443 -0.00258365 -0.0299393
0.552973 0.020559 0.832945 -3.17609
/home/will/Backup/ShapeNetCore.v2/03211117/17226b72d812ce47272b806070e7941c/models/model_normalized.obj
03085219
0.397992
-0.731909 0.00144007 -0.681401 -2.07745
-0.000519026 0.999996 0.00267088 -0.0348753
0.681402 0.00230851 -0.731906 -3.5187
/home/will/Backup/ShapeNetCore.v2/04468005/62f8ee99e2961024834b1a533ffa0490/models/model_normalized.obj
04468005
0.124382
0.99977 -0.0214146 -0.000725129 0.734472
0.0214121 0.999765 -0.00327368 -0.206885
0.000795064 0.0032574 0.999994 0.810626
/home/will/Backup/ShapeNetCore.v2/03211117/459ea1db4ad52f3d7b7c888d3626712b/models/model_normalized.obj
03085219
0.379976
0.772434 -0.00753775 0.63505 -6.45044
0.0126567 0.999914 -0.00352628 -0.0354751
-0.634969 0.0107614 0.772463 -3.36185
/home/will/Backup/ShapeNetCore.v2/03211117/17226b72d812ce47272b806070e7941c/models/model_normalized.obj
03085219
0.384359
0.108795 0.0139546 0.993966 -4.5365
-0.0115856 0.999851 -0.0127691 -0.0322207
-0.993997 -0.0101265 0.10894 0.748799
/home/will/Backup/ShapeNetCore.v2/04460130/7feb6c263e565cfb16a06efd4ad41db2/models/model_normalized.obj
04460130
0.271671
0.440144 0.0130044 -0.897833 -3.61552
0.000978205 0.999888 0.0149622 -0.0214466
0.897927 -0.00746377 0.440082 0.402702
/home/will/Backup/ShapeNetCore.v2/04090263/640bfdaa8cf5e3cd325474a1336ea459/models/model_normalized.obj
04090263
0.334659
0.988551 0.0231289 -0.149101 -5.83672
0.0163936 0.965867 0.258519 -0.0857969
0.149991 -0.258003 0.95443 -1.03606
/home/will/Backup/ShapeNetCore.v2/03085013/8bbe84f243cad940f0ce652372f56eef/models/model_normalized.obj
03085013
0.0838693
-0.429429 -0.650506 -0.626444 -5.44307
0.0575391 -0.711958 0.699861 0.244365
-0.901266 0.264495 0.343164 -4.63979
/home/will/Backup/ShapeNetCore.v2/04004475/128c57ad8f366a09f16da3ba7941918d/models/model_normalized.obj
03643737
0.228818
0.810424 0.0100323 -0.585758 -4.91244
-0.00207185 0.999896 0.0142587 -0.0149689
0.585841 -0.010342 0.81036 -0.0507538
/home/will/Backup/ShapeNetCore.v2/03948459/f6d74e48206fca39a6e43b878d5b335/models/model_normalized.obj
03948459
0.173993
-0.183859 -0.50401 0.843901 1.77979
0.224123 0.814427 0.535236 -0.0423911
-0.95706 0.287546 -0.0367796 0.273099
/home/will/Backup/ShapeNetCore.v2/03211117/b0c1b6c373c4ef3a83f09c7d0a6695f0/models/model_normalized.obj
03085219
0.379927
-0.97254 0.0012592 0.232733 -1.73199
0.00155903 0.999998 0.00110436 -0.0313433
-0.232731 0.00143687 -0.97254 -3.36347
/home/will/Backup/ShapeNetCore.v2/03948459/e534d084d3bc37184d0af51460733e47/models/model_normalized.obj
03948459
0.19389
0.914903 -0.00816949 0.403591 -1.15885
0.000946907 0.999836 0.0180922 -0.220169
-0.403672 -0.0161704 0.914761 0.741934
/home/will/Backup/ShapeNetCore.v2/03261776/e17597ea42e1e18f3f1da4d22f591d97/models/model_normalized.obj
03261776
0.115468
0.999512 -0.0312358 0.000109046 1.53215
0.0312357 0.999511 0.00136296 -0.00551024
-0.000151566 -0.00135889 0.999999 0.356809
