scene_type
bathroom
class_probabilities
0.234325454355 02958343
0.120002321323 03790512
0.34345435534 03948459
0.2103234324443 04099429
0.342150333016 04460130
0.1951474785918 04468005
0.311417697431 04530566
0.0290000000000 03595860
0.011417697431 02924116
0.011417697431 02691156
0.2360000000 04090263
0.27297811608 04223580
0.210180780209 04446276
0.117982873454 02808440
0.0742150333016 02801938 02747177
0.0218839200761 03775636
0.161750713606 03018349 20000008 02933112 20000013 20000009 20000012 20000011
0.011417697431 04591713 02876657
0.0951474785918 20000018 20000024 04593077 20000021 20000025 20000023 20000015 20000016 03168217 04062428 03002711 03649674 03786621 03262932 03376595 20000026 04099969 03693474 20000022 04502670 20000020 04590933 04373704 04331277 03001627
0.00951474785918 03797390
0.1856327307326 02880940 03624134
0.0761179828735 03710193
0.0570884871551 03238586 02964075 03246933 04398951 03904060 20000038 20000039 03092883 20000040 20000041 20000037 04379243
0.40285442435775 03050864
0.50285442435775 03063599
0.00285442435775 03957315
0.285442435775 03482252 20000006 03165096 20000004 03962852 20000007
0.0285442435775 03938244
0.0190294957184 03593526
0.00190294957184 03920867 03891251 02828884
0.190294957184 03367059 04380533 03636649
0.0190294957184 20000027 02738535
0.0190294957184 04608329 04164868 03231368 04603729 03179701
0.00190294957184 02871439
0.00190294957184 04522168
0.4190294957184 02773838
0.0590294957184 02954340
0.00951474785918 04529681 03337140
0.0951474785918 04177820 20000036 03237340
0.0951474785918 02789487 04061681 03116530
scene_type
office
class_probabilities
0.344325454355 02958343
0.320002321323 03790512
0.34345435534 03948459
0.2103234324443 04099429
0.142150333016 04460130
0.41951474785918 04468005
0.121417697431 04530566
0.130000000000 03595860
0.011417697431 02924116
0.0416424125733 02691156
0.2413490000000 04090263
0.322589889401 20000018 20000024 04593077 20000021 20000025 20000023 20000015 20000016 03168217 04062428 03002711 03649674 03786621 03262932 03376595 20000026 04099969 03693474 20000022 04502670 20000020 04590933 04373704 04331277 03001627
0.123136166211 04608329 04164868 03231368 04603729 03179701
0.103120942104 03238586 02964075 03246933 04398951 03904060 20000038 20000039 03092883 20000040 20000041 20000037 04379243
0.353288855058 03085219
0.2330004925447 03710193
0.0299108941925 03211616 03211117 03085602 03782190
0.0181345990239 02801938 02747177
0.3171942864819 03085013
0.4117762951686 03018349 20000008 02933112 20000013 20000009 20000012 20000011
0.0111941969283 02871439
0.1998522366005 03643737
0.0904491111808 20000027 02738535
0.00859714324094 04529681 03337140
0.0761205391125 02789487 04061681 03116530
0.2591053597815 03115762 03015149 04344873 20000030 20000029 20000028 04256520
0.00416424125733 03642806
0.0411946446962 03653583
0.0407468768191 04004475
0.0394035731877 04591713 02876657
0.00380602695563 03367059 04380533 03636649
0.0331348229078 04599124 04349401 03691459
0.0295526798907 03063599
0.00291049120136 20000010
0.00277616083822 03488438 03179910 04401088 02992529
0.00277616083822 02773838
0.1241794653652 03797390
0.00192540187167 02954340
0.00188062508396 03938244
0.0165674114539 03920867 03891251 02828884
0.00147763399454 04152593 03676759
0.00120897326826 03957315
0.0940312541978 03261776
0.0805982178838 03063968
0.000761205391125 04223580
0.000716428603412 04548280 02694662 03046257
0.000671651815699 03761084
0.0537321452559 02823510 02946921 04255586
0.102991089419 04466871
0.0402991089419 03379051 03513137
0.000402991089419 02880940 03624134
0.0402991089419 04569063 02942699
0.0313437513993 04074963 03759954
0.000268660726279 03593526
0.0268660726279 02676566 03467517
0.0223883938566 03482252 20000006 03165096 20000004 03962852 20000007
0.0179107150853 04515003 03452741 03928116
0.13433036314 03620967
0.013433036314 03991062
8.95535754265e-05 03603722
8.95535754265e-05 04330267
8.95535754265e-05 04177820 20000036 03237340
4.47767877132e-05 03609235 02951358
4.47767877132e-05 04522168
4.47767877132e-05 03207941
4.47767877132e-05 04177755
4.47767877132e-05 02808440
scene_type
livingroom
class_probabilities
0.234325454355 02958343
0.01200023213213 03790512
0.14345435534 03948459
0.2903234324443 04099429
0.242150333016 04460130
0.32951474785918 04468005
0.31417697431 04530566
0.120000000000 03595860
0.011417697431 02924116
0.0115127402015 02691156
0.0300000000 04090263
0.4235308558368 20000018 20000024 04593077 20000021 20000025 20000023 20000015 20000016 03168217 04062428 03002711 03649674 03786621 03262932 03376595 20000026 04099969 03693474 20000022 04502670 20000020 04590933 04373704 04331277 03001627
0.0543570642512 03938244
0.010573097435 03238586 02964075 03246933 04398951 03904060 20000038 20000039 03092883 20000040 20000041 20000037 04379243
0.0628968086007 03115762 03015149 04344873 20000030 20000029 20000028 04256520
0.0512147633963 03482252 20000006 03165096 20000004 03962852 20000007
0.437653432659 03367059 04380533 03636649
0.0408871582155 20000027 02738535
0.255650554474 03018349 20000008 02933112 20000013 20000009 20000012 20000011
0.000215863878778 02801938 02747177
0.0209091678659 04177820 20000036 03237340
0.00167611952933 03063968
0.0465918902904 04608329 04164868 03231368 04603729 03179701
0.0162532802844 03710193
0.00129518327267 04152593 03676759
0.0115127402015 02871439
0.00795733513925 03957315
0.00736476762888 04529681 03337140
0.0217963260814 03920867 03891251 02828884
0.1414797257259 03620967
0.0355540506222 02880940 03624134
0.00338610005926 03642806
0.00304749005333 04223580
0.0253957504444 04522168
0.153957504444 02954340
0.00245492254296 03085219
0.00228561754 04548280 02694662 03046257
0.00220096503852 04330267
0.144700753407 03797390
0.00169305002963 03488438 03179910 04401088 02992529
0.160839752815 02773838
0.143909252518 04466871
0.0143909252518 03085013
0.143909252518 02920083 02920259
0.0013544400237 03211616 03211117 03085602 03782190
0.0013544400237 03653583
0.0013544400237 04591713 02876657
0.00126978752222 04599124 04349401 03691459
0.00126978752222 03991062
0.00126978752222 02789487 04061681 03116530
0.0101583001778 04515003 03452741 03928116
0.0931177516296 03063599
0.0931177516296 03761084
0.2931177516296 03643737
0.000761872513333 04004475
0.0761872513333 02823510 02946921 04255586
0.0677220011851 04074963 03759954
0.059256751037 20000010
0.0507915008889 03593526
0.0423262507407 03603722
0.0423262507407 03050864
0.000338610005926 04381587
0.253957504444 04554684
0.0253957504444 03982430
0.000169305002963 03379051 03513137
0.000169305002963 03207941
0.023124323446544 02676566 03467517
8.46525014814e-05 03775636
8.46525014814e-05 02843684
scene_type
kitchen
class_probabilities
0.454325454355 02958343
0.420002321323 03790512
0.034345435534 03948459
0.203234324443 04099429
0.342150333016 04460130
0.1951474785918 04468005
0.1417697431 04530566
0.3700000000 03595860
0.0664916885389 02924116
0.0405949256343 02691156
0.3500000000 04090263
0.3218985126859 20000018 20000024 04593077 20000021 20000025 20000023 20000015 20000016 03168217 04062428 03002711 03649674 03786621 03262932 03376595 20000026 04099969 03693474 20000022 04502670 20000020 04590933 04373704 04331277 03001627
0.014750656168 03238586 02964075 03246933 04398951 03904060 20000038 20000039 03092883 20000040 20000041 20000037 04379243
0.0664916885389 03620967
0.0405949256343 04223580
0.0272965879265 03761084
0.0241469816273 04330267
0.1227471566054 03018349 20000008 02933112 20000013 20000009 20000012 20000011
0.0213473315836 02801938 02747177
0.192475940507 03710193
0.0117235345582 02880940 03624134
0.0106736657918 04591713 02876657
0.00909886264217 03991062
0.00857392825897 03920867 03891251 02828884
0.076990376203 03797390
0.00682414698163 03207941
0.0664916885389 02789487 04061681 03116530
0.0577427821522 20000027 02738535
0.3454943132108 03115762 03015149 04344873 20000030 20000029 20000028 04256520
0.00419947506562 03063599
0.00332458442695 03211616 03211117 03085602 03782190
0.00332458442695 03367059 04380533 03636649
0.00279965004374 04608329 04164868 03231368 04603729 03179701
0.227471566054 04152593 03676759
0.0227471566054 03957315
0.0209973753281 03063968
0.0132475940507 03775636
0.0174978127734 02871439
0.00174978127734 02773838
0.00157480314961 20000010
0.00157480314961 03938244
0.0139982502187 04522168
0.0139982502187 03642806
0.122484689414 03603722
0.0122484689414 02823510 02946921 04255586
0.0187489063867 03593526
0.087489063867 03643737
0.087489063867 04554684
0.087489063867 04529681 03337140
0.00699912510936 04515003 03452741 03928116
0.00349956255468 04004475
0.349956255468 04548280 02694662 03046257
0.0174978127734 03488438 03179910 04401088 02992529
0.00174978127734 04569063 02942699
0.174978127734 04599124 04349401 03691459
0.0174978127734 03482252 20000006 03165096 20000004 03962852 20000007
0.2174978127734 04074963 03759954
0.0174978127734 02954340
scene_type
bedroom
class_probabilities
0.234325454355 02958343
0.090002321323 03790512
0.439345435534 03948459
0.4013234324443 04099429
0.542150333016 04460130
0.1551474785918 04468005
0.081417697431 04530566
0.5120000000000 03595860
0.2664916885389 02924116
0.203319502075 02691156
0.380000000 04090263
0.3185753803596 20000018 20000024 04593077 20000021 20000025 20000023 20000015 20000016 03168217 04062428 03002711 03649674 03786621 03262932 03376595 20000026 04099969 03693474 20000022 04502670 20000020 04590933 04373704 04331277 03001627
0.0748686030429 20000027 02738535
0.0100968188105 03938244
0.100276625173 03482252 20000006 03165096 20000004 03962852 20000007
0.0904564315353 03238586 02964075 03246933 04398951 03904060 20000038 20000039 03092883 20000040 20000041 20000037 04379243
0.0636237897649 03115762 03015149 04344873 20000030 20000029 20000028 04256520
0.362378976487 03367059 04380533 03636649
0.0308437067773 03710193
0.0302904564315 04608329 04164868 03231368 04603729 03179701
0.00222683264177 04177820 20000036 03237340
0.0203319502075 02801938 02747177
0.0195020746888 03063968
0.161825726141 02954340
0.0157676348548 02871439
0.0146611341632 03018349 20000008 02933112 20000013 20000009 20000012 20000011
0.142461964039 04152593 03676759
0.2124481327801 03920867 03891251 02828884
0.3995850622407 02773838
0.00843706777317 03957315
0.00788381742739 03642806
0.00553250345781 04554684
0.045643153527 04591713 02876657
0.00428769017981 04529681 03337140
0.0345781466113 03211616 03211117 03085602 03782190
0.00318118948824 03488438 03179910 04401088 02992529
0.0030428769018 03643737
0.00235131396957 03797390
0.00221300138313 03050864
0.00193637621024 03085219
0.00193637621024 04599124 04349401 03691459
0.00179806362379 02789487 04061681 03116530
0.00165975103734 04223580
0.00165975103734 02920083 02920259
0.15214384509 04515003 03452741 03928116
0.00138312586445 03085013
0.00124481327801 04466871
0.00124481327801 04548280 02694662 03046257
0.0110650069156 03063599
0.0968188105118 02880940 03624134
0.0968188105118 04074963 03759954
0.0829875518672 04522168
0.00691562932227 03379051 03513137
0.0691562932227 03991062
0.0553250345781 02823510 02946921 04255586
0.414937759336 03603722
0.00414937759336 03761084
0.0276625172891 04446276
0.0276625172891 20000010
0.0276625172891 02676566 03467517
0.0138312586445 03261776
0.138312586445 04004475
0.0138312586445 03593526
0.0138312586445 03620967
0.138312586445 04225987
